24
16
18
19
20
21
21
26
27
28
29
30
31
33
34
35
36
37
38
39
339
341
342
343
344
345
346
347
348
349
350
351
352
353
354
355
356
357
358
359
360
361
363
364
365
366
366
368
369
370
371
372
373
374
375
376
377
378
379
380
381
383
384
385
386
361
363
364
365
366
366
368
369
370
371
372
373
374
375
376
377
378
379
380
381
383
384
385
386
361
363
364
365
366
366
368
369
370
371
372
373
374
375
376
377
378
379
380
381
383
384
385
386
361
363
364
365
366
366
368
369
370
371
372
373
374
375
376
377
378
379
380
381
383
384
385
386
361
363
364
365
366
366
389
390
392
393
394
395
395
397
398
399
400
401
402
614
616
617
617
621
672
673
674
675
676
677
678
679
679
405
407
408
409
411
413
414
415
416
390
392
393
394
395
395
397
398
399
400
401
402
614
616
617
617
621
672
673
674
675
676
677
678
679
679
405
407
408
409
411
413
414
415
416
390
392
393
394
395
395
397
398
399
400
401
402
614
616
617
617
621
672
673
674
675
676
677
678
679
679
405
407
408
409
411
413
414
415
416
390
392
393
394
395
395
397
398
399
400
401
402
614
616
617
617
621
672
673
674
675
676
677
678
679
679
405
407
408
409
411
413
414
415
416
390
392
393
394
395
395
419
420
421
422
424
426
427
428
430
431
432
433
434
436
437
438
439
439
441
442
443
444
445
446
614
616
617
617
621
624
625
626
627
630
631
632
632
633
637
638
628
630
631
632
632
633
640
641
645
646
647
648
649
650
651
652
655
656
657
658
659
660
661
663
668
449
451
452
453
455
457
458
459
460
434
436
437
438
439
439
441
442
443
444
445
446
614
616
617
617
621
624
625
626
627
630
631
632
632
633
637
638
628
630
631
632
632
633
640
641
645
646
647
648
649
650
651
652
655
656
657
658
659
660
661
663
668
449
451
452
453
455
457
458
459
460
434
436
437
438
439
439
441
442
443
444
445
446
614
616
617
617
621
624
625
626
627
630
631
632
632
633
637
638
628
630
631
632
632
633
640
641
645
646
647
648
649
650
651
652
655
656
657
658
659
660
661
663
668
449
451
452
453
455
457
458
459
460
434
436
437
438
439
439
441
442
443
444
445
446
614
616
617
617
621
624
625
626
627
630
631
632
632
633
637
638
628
630
631
632
632
633
640
641
645
646
647
648
649
650
651
652
655
656
657
658
659
660
661
663
668
449
451
452
453
455
457
458
459
460
434
436
437
438
439
439
464
465
466
466
41
42
